  File: /data/mephi-web
  Size: 1024      	Blocks: 2          IO Block: 1024   directory
Device: 7,8	Inode: 2           Links: 3
Access: (2775/drwxrwsr-x)  Uid: ( 1000/mephi-admin)   Gid: ( 1000/mephi-devs)
Access: 2026-03-30 21:46:23.125954485 +0000
Modify: 2026-03-30 21:46:23.573562643 +0000
Change: 2026-03-30 21:46:23.573562643 +0000
 Birth: 2026-03-30 21:46:22.000000000 +0000
